sz,seq_full.times,seq_full.error,seq_elephant.times,seq_elephant.error,seq_seahorse.times,seq_seahorse.error,seq_triple_spiral.times,seq_triple_spiral.error
16,0.020459,0.00021481950000000003,0.03143,0.009495003,0.0878,0.013178780000000001,0.0703,0.01811631
32,0.02928,0.008860128,0.0414,0.01321488,0.0484,0.01388596,0.0952,0.01121456
64,0.00428157,0.000374209218,0.005155403,3.29945792e-5,0.02160098,0.012586891046,0.00600212,2.0407208000000002e-5
128,0.004213217,9.2690774e-5,0.018913305,6.24139065e-5,0.019791952,6.729263680000001e-5,0.022381345,0.00010519232150000001
256,0.014607239,7.303619499999999e-5,0.072608208,0.0001742596992,0.077278987,0.0001931974675,0.096779658,0.0063100337016
512,0.056722729,0.0002098740973,0.286784649,0.0006022477629,0.303663109,0.0010628208814999999,0.342454732,0.0007191549371999999
1024,0.220465196,0.0004188838724,1.141679701,0.0017125195515,1.203257476,0.0026471664472,1.358415895,0.0016300990739999998
2048,0.90339548,0.017254853668,4.317338614,0.0362656443576,4.744640908,0.038906055445599996,5.08327268,0.005591599948
4096,3.266285123,0.0045727991722,17.014542937,0.028924722992900005,17.909734766,0.0214916817192,20.68971277,0.18206947237600002
8192,13.900983681,0.1598613123315,69.414639326,0.44425369168640005,74.019418801,0.5551456410075,83.626534254,0.7108255411590001
